p cnf 114 381
-1 -4 -13 0
-1 -4 -14 0
-1 -13 -14 0
1 4 13 0
1 4 14 0
1 13 14 0
-4 -13 -14 0
4 13 14 0
-2 -5 -14 -15 0
2 5 0
2 14 0
2 15 0
5 14 0
5 15 0
14 15 0
-8 -11 -22 0
-8 -11 -23 0
-8 -22 -23 0
8 11 22 0
8 11 23 0
8 22 23 0
-11 -22 -23 0
11 22 23 0
-9 -12 -23 0
-9 -12 -24 0
-9 -23 -24 0
9 12 23 0
9 12 24 0
9 23 24 0
-12 -23 -24 0
12 23 24 0
1 25 0
-25 -1 0
2 26 0
-26 -2 0
3 27 0
-27 -3 0
10 31 0
-31 -10 0
11 32 0
-32 -11 0
12 33 0
-33 -12 0
13 25 0
-25 -13 0
17 28 0
-28 -17 0
21 31 0
-31 -21 0
16 27 0
-27 -16 0
20 30 0
-30 -20 0
24 33 0
-33 -24 0
-29 -5 -8 -18 -19 0
-5 -19 -8 -29 28 0
-5 -19 -18 -29 32 0
-5 -19 -29 32 28 0
-5 -8 -18 -29 30 0
-5 -8 -29 30 28 0
-5 -18 -29 30 32 0
-5 -29 30 32 28 0
5 29 -26 0
-19 -8 -18 -29 26 0
-19 -8 -29 28 26 0
-19 -18 -29 32 26 0
-19 -29 32 28 26 0
19 29 -30 0
-8 -18 -29 30 26 0
-8 -29 30 28 26 0
8 29 -32 0
-18 -29 30 32 26 0
18 29 -28 0
-29 30 32 28 26 0
34 0
44 0
54 0
64 0
74 0
84 0
94 0
104 0
114 0
-34 4 37 0
-34 14 35 0
-35 5 38 0
-35 14 34 0
-35 15 36 0
-36 6 39 0
-36 15 35 0
-37 4 34 0
-37 7 40 0
-37 18 38 0
-38 5 35 0
-38 8 41 0
-38 18 37 0
-38 19 39 0
-39 6 36 0
-39 9 42 0
-39 19 38 0
-40 7 37 0
-40 22 41 0
-41 8 38 0
-41 22 40 0
-41 23 42 0
-42 9 39 0
-42 23 41 0
-43 4 46 0
-43 14 44 0
-44 5 47 0
-44 14 43 0
-44 15 45 0
-45 6 48 0
-45 15 44 0
-46 4 43 0
-46 7 49 0
-46 18 47 0
-47 5 44 0
-47 8 50 0
-47 18 46 0
-47 19 48 0
-48 6 45 0
-48 9 51 0
-48 19 47 0
-49 7 46 0
-49 22 50 0
-50 8 47 0
-50 22 49 0
-50 23 51 0
-51 9 48 0
-51 23 50 0
-52 4 55 0
-52 14 53 0
-53 5 56 0
-53 14 52 0
-53 15 54 0
-54 6 57 0
-54 15 53 0
-55 4 52 0
-55 7 58 0
-55 18 56 0
-56 5 53 0
-56 8 59 0
-56 18 55 0
-56 19 57 0
-57 6 54 0
-57 9 60 0
-57 19 56 0
-58 7 55 0
-58 22 59 0
-59 8 56 0
-59 22 58 0
-59 23 60 0
-60 9 57 0
-60 23 59 0
-61 4 64 0
-61 14 62 0
-62 5 65 0
-62 14 61 0
-62 15 63 0
-63 6 66 0
-63 15 62 0
-64 4 61 0
-64 7 67 0
-64 18 65 0
-65 5 62 0
-65 8 68 0
-65 18 64 0
-65 19 66 0
-66 6 63 0
-66 9 69 0
-66 19 65 0
-67 7 64 0
-67 22 68 0
-68 8 65 0
-68 22 67 0
-68 23 69 0
-69 9 66 0
-69 23 68 0
-70 4 73 0
-70 14 71 0
-71 5 74 0
-71 14 70 0
-71 15 72 0
-72 6 75 0
-72 15 71 0
-73 4 70 0
-73 7 76 0
-73 18 74 0
-74 5 71 0
-74 8 77 0
-74 18 73 0
-74 19 75 0
-75 6 72 0
-75 9 78 0
-75 19 74 0
-76 7 73 0
-76 22 77 0
-77 8 74 0
-77 22 76 0
-77 23 78 0
-78 9 75 0
-78 23 77 0
-79 4 82 0
-79 14 80 0
-80 5 83 0
-80 14 79 0
-80 15 81 0
-81 6 84 0
-81 15 80 0
-82 4 79 0
-82 7 85 0
-82 18 83 0
-83 5 80 0
-83 8 86 0
-83 18 82 0
-83 19 84 0
-84 6 81 0
-84 9 87 0
-84 19 83 0
-85 7 82 0
-85 22 86 0
-86 8 83 0
-86 22 85 0
-86 23 87 0
-87 9 84 0
-87 23 86 0
-88 4 91 0
-88 14 89 0
-89 5 92 0
-89 14 88 0
-89 15 90 0
-90 6 93 0
-90 15 89 0
-91 4 88 0
-91 7 94 0
-91 18 92 0
-92 5 89 0
-92 8 95 0
-92 18 91 0
-92 19 93 0
-93 6 90 0
-93 9 96 0
-93 19 92 0
-94 7 91 0
-94 22 95 0
-95 8 92 0
-95 22 94 0
-95 23 96 0
-96 9 93 0
-96 23 95 0
-97 4 100 0
-97 14 98 0
-98 5 101 0
-98 14 97 0
-98 15 99 0
-99 6 102 0
-99 15 98 0
-100 4 97 0
-100 7 103 0
-100 18 101 0
-101 5 98 0
-101 8 104 0
-101 18 100 0
-101 19 102 0
-102 6 99 0
-102 9 105 0
-102 19 101 0
-103 7 100 0
-103 22 104 0
-104 8 101 0
-104 22 103 0
-104 23 105 0
-105 9 102 0
-105 23 104 0
-106 4 109 0
-106 14 107 0
-107 5 110 0
-107 14 106 0
-107 15 108 0
-108 6 111 0
-108 15 107 0
-109 4 106 0
-109 7 112 0
-109 18 110 0
-110 5 107 0
-110 8 113 0
-110 18 109 0
-110 19 111 0
-111 6 108 0
-111 9 114 0
-111 19 110 0
-112 7 109 0
-112 22 113 0
-113 8 110 0
-113 22 112 0
-113 23 114 0
-114 9 111 0
-114 23 113 0
-25 -25 34 0
-25 -26 35 0
-25 -27 36 0
-25 -28 37 0
-25 -29 38 0
-25 -30 39 0
-25 -31 40 0
-25 -32 41 0
-25 -33 42 0
-26 -25 43 0
-26 -26 44 0
-26 -27 45 0
-26 -28 46 0
-26 -29 47 0
-26 -30 48 0
-26 -31 49 0
-26 -32 50 0
-26 -33 51 0
-27 -25 52 0
-27 -26 53 0
-27 -27 54 0
-27 -28 55 0
-27 -29 56 0
-27 -30 57 0
-27 -31 58 0
-27 -32 59 0
-27 -33 60 0
-28 -25 61 0
-28 -26 62 0
-28 -27 63 0
-28 -28 64 0
-28 -29 65 0
-28 -30 66 0
-28 -31 67 0
-28 -32 68 0
-28 -33 69 0
-29 -25 70 0
-29 -26 71 0
-29 -27 72 0
-29 -28 73 0
-29 -29 74 0
-29 -30 75 0
-29 -31 76 0
-29 -32 77 0
-29 -33 78 0
-30 -25 79 0
-30 -26 80 0
-30 -27 81 0
-30 -28 82 0
-30 -29 83 0
-30 -30 84 0
-30 -31 85 0
-30 -32 86 0
-30 -33 87 0
-31 -25 88 0
-31 -26 89 0
-31 -27 90 0
-31 -28 91 0
-31 -29 92 0
-31 -30 93 0
-31 -31 94 0
-31 -32 95 0
-31 -33 96 0
-32 -25 97 0
-32 -26 98 0
-32 -27 99 0
-32 -28 100 0
-32 -29 101 0
-32 -30 102 0
-32 -31 103 0
-32 -32 104 0
-32 -33 105 0
-33 -25 106 0
-33 -26 107 0
-33 -27 108 0
-33 -28 109 0
-33 -29 110 0
-33 -30 111 0
-33 -31 112 0
-33 -32 113 0
-33 -33 114 0

