p cnf 710 3598
-3 -8 -33 -34 0
3 8 0
3 33 0
3 34 0
8 33 0
8 34 0
33 34 0
-4 -9 -34 0
-4 -9 -35 0
-4 -34 -35 0
4 9 34 0
4 9 35 0
4 34 35 0
-9 -34 -35 0
9 34 35 0
-6 -11 -37 0
-6 -11 -38 0
-6 -37 -38 0
6 11 37 0
6 11 38 0
6 37 38 0
-11 -37 -38 0
11 37 38 0
-7 -12 -38 0
-7 -12 -39 0
-7 -38 -39 0
7 12 38 0
7 12 39 0
7 38 39 0
-12 -38 -39 0
12 38 39 0
-8 -13 -39 0
-8 -13 -40 0
-8 -39 -40 0
8 13 39 0
8 13 40 0
8 39 40 0
-13 -39 -40 0
13 39 40 0
-10 -15 -41 -42 0
10 15 0
10 41 0
10 42 0
15 41 0
15 42 0
41 42 0
-11 0
-16 0
-43 0
-44 0
-14 -19 0
-14 -46 0
-14 -47 0
14 19 46 47 0
-19 -46 0
-19 -47 0
-46 -47 0
-16 -21 -49 0
-16 -21 -50 0
-16 -49 -50 0
16 21 49 0
16 21 50 0
16 49 50 0
-21 -49 -50 0
21 49 50 0
-18 -23 -51 0
-18 -23 -52 0
-18 -51 -52 0
18 23 51 0
18 23 52 0
18 51 52 0
-23 -51 -52 0
23 51 52 0
-22 -27 -56 0
-22 -27 -57 0
-22 -56 -57 0
22 27 56 0
22 27 57 0
22 56 57 0
-27 -56 -57 0
27 56 57 0
-23 -28 -57 -58 0
23 28 0
23 57 0
23 58 0
28 57 0
28 58 0
57 58 0
-24 -29 -58 0
-24 -29 -59 0
-24 -58 -59 0
24 29 58 0
24 29 59 0
24 58 59 0
-29 -58 -59 0
29 58 59 0
-25 -30 -59 -60 0
25 30 0
25 59 0
25 60 0
30 59 0
30 60 0
59 60 0
1 61 0
-61 -1 0
2 62 0
-62 -2 0
3 63 0
-63 -3 0
4 64 0
-64 -4 0
5 65 0
-65 -5 0
26 81 0
-81 -26 0
27 82 0
-82 -27 0
28 83 0
-83 -28 0
29 84 0
-84 -29 0
30 85 0
-85 -30 0
31 61 0
-61 -31 0
37 66 0
-66 -37 0
43 71 0
-71 -43 0
49 76 0
-76 -49 0
55 81 0
-81 -55 0
36 65 0
-65 -36 0
42 70 0
-70 -42 0
48 75 0
-75 -48 0
54 80 0
-80 -54 0
60 85 0
-85 -60 0
-67 -7 -12 -38 -39 0
-7 -39 -12 -67 66 0
-7 -39 -38 -67 72 0
-7 -39 -67 72 66 0
-7 -12 -38 -67 68 0
-7 -12 -67 68 66 0
-7 -38 -67 68 72 0
-7 -67 68 72 66 0
7 67 -62 0
-39 -12 -38 -67 62 0
-39 -12 -67 66 62 0
-39 -38 -67 72 62 0
-39 -67 72 66 62 0
39 67 -68 0
-12 -38 -67 68 62 0
-12 -67 68 66 62 0
12 67 -72 0
-38 -67 68 72 62 0
38 67 -66 0
-67 68 72 66 62 0
-68 -8 -13 -39 -40 0
-8 -40 -13 -68 67 0
-8 -40 -39 -68 73 0
-8 -40 -68 73 67 0
-8 -13 -39 -68 69 0
-8 -13 -68 69 67 0
-8 -39 -68 69 73 0
-8 -68 69 73 67 0
8 68 -63 0
-40 -13 -39 -68 63 0
-40 -13 -68 67 63 0
-40 -39 -68 73 63 0
-40 -68 73 67 63 0
40 68 -69 0
-13 -39 -68 69 63 0
-13 -68 69 67 63 0
13 68 -73 0
-39 -68 69 73 63 0
39 68 -67 0
-68 69 73 67 63 0
-69 -9 -14 -40 -41 0
-9 -41 -14 -69 68 0
-9 -41 -40 -69 74 0
-9 -41 -69 74 68 0
-9 -14 -40 -69 70 0
-9 -14 -69 70 68 0
-9 -40 -69 70 74 0
-9 -69 70 74 68 0
9 69 -64 0
-41 -14 -40 -69 64 0
-41 -14 -69 68 64 0
-41 -40 -69 74 64 0
-41 -69 74 68 64 0
41 69 -70 0
-14 -40 -69 70 64 0
-14 -69 70 68 64 0
14 69 -74 0
-40 -69 70 74 64 0
40 69 -68 0
-69 70 74 68 64 0
-72 -12 -17 -44 -45 0
-12 -45 -17 -72 71 0
-12 -45 -44 -72 77 0
-12 -45 -72 77 71 0
-12 -17 -44 -72 73 0
-12 -17 -72 73 71 0
-12 -44 -72 73 77 0
-12 -72 73 77 71 0
12 72 -67 0
-45 -17 -44 -72 67 0
-45 -17 -72 71 67 0
-45 -44 -72 77 67 0
-45 -72 77 71 67 0
45 72 -73 0
-17 -44 -72 73 67 0
-17 -72 73 71 67 0
17 72 -77 0
-44 -72 73 77 67 0
44 72 -71 0
-72 73 77 71 67 0
-73 -13 -18 -45 -46 0
-13 -46 -18 -73 72 0
-13 -46 -45 -73 78 0
-13 -46 -73 78 72 0
-13 -18 -45 -73 74 0
-13 -18 -73 74 72 0
-13 -45 -73 74 78 0
-13 -73 74 78 72 0
13 73 -68 0
-46 -18 -45 -73 68 0
-46 -18 -73 72 68 0
-46 -45 -73 78 68 0
-46 -73 78 72 68 0
46 73 -74 0
-18 -45 -73 74 68 0
-18 -73 74 72 68 0
18 73 -78 0
-45 -73 74 78 68 0
45 73 -72 0
-73 74 78 72 68 0
-74 -14 -19 -46 -47 0
-14 -47 -19 -74 73 0
-14 -47 -46 -74 79 0
-14 -47 -74 79 73 0
-14 -19 -46 -74 75 0
-14 -19 -74 75 73 0
-14 -46 -74 75 79 0
-14 -74 75 79 73 0
14 74 -69 0
-47 -19 -46 -74 69 0
-47 -19 -74 73 69 0
-47 -46 -74 79 69 0
-47 -74 79 73 69 0
47 74 -75 0
-19 -46 -74 75 69 0
-19 -74 75 73 69 0
19 74 -79 0
-46 -74 75 79 69 0
46 74 -73 0
-74 75 79 73 69 0
-77 -17 -22 -50 -51 0
-17 -51 -22 -77 76 0
-17 -51 -50 -77 82 0
-17 -51 -77 82 76 0
-17 -22 -50 -77 78 0
-17 -22 -77 78 76 0
-17 -50 -77 78 82 0
-17 -77 78 82 76 0
17 77 -72 0
-51 -22 -50 -77 72 0
-51 -22 -77 76 72 0
-51 -50 -77 82 72 0
-51 -77 82 76 72 0
51 77 -78 0
-22 -50 -77 78 72 0
-22 -77 78 76 72 0
22 77 -82 0
-50 -77 78 82 72 0
50 77 -76 0
-77 78 82 76 72 0
-78 -18 -23 -51 -52 0
-18 -52 -23 -78 77 0
-18 -52 -51 -78 83 0
-18 -52 -78 83 77 0
-18 -23 -51 -78 79 0
-18 -23 -78 79 77 0
-18 -51 -78 79 83 0
-18 -78 79 83 77 0
18 78 -73 0
-52 -23 -51 -78 73 0
-52 -23 -78 77 73 0
-52 -51 -78 83 73 0
-52 -78 83 77 73 0
52 78 -79 0
-23 -51 -78 79 73 0
-23 -78 79 77 73 0
23 78 -83 0
-51 -78 79 83 73 0
51 78 -77 0
-78 79 83 77 73 0
-79 -19 -24 -52 -53 0
-19 -53 -24 -79 78 0
-19 -53 -52 -79 84 0
-19 -53 -79 84 78 0
-19 -24 -52 -79 80 0
-19 -24 -79 80 78 0
-19 -52 -79 80 84 0
-19 -79 80 84 78 0
19 79 -74 0
-53 -24 -52 -79 74 0
-53 -24 -79 78 74 0
-53 -52 -79 84 74 0
-53 -79 84 78 74 0
53 79 -80 0
-24 -52 -79 80 74 0
-24 -79 80 78 74 0
24 79 -84 0
-52 -79 80 84 74 0
52 79 -78 0
-79 80 84 78 74 0
86 0
112 0
138 0
164 0
190 0
216 0
242 0
268 0
294 0
320 0
346 0
372 0
398 0
424 0
450 0
476 0
502 0
528 0
554 0
580 0
606 0
632 0
658 0
684 0
710 0
-86 6 91 0
-86 32 87 0
-87 7 92 0
-87 32 86 0
-87 33 88 0
-88 8 93 0
-88 33 87 0
-88 34 89 0
-89 9 94 0
-89 34 88 0
-89 35 90 0
-90 10 95 0
-90 35 89 0
-91 6 86 0
-91 11 96 0
-91 38 92 0
-92 7 87 0
-92 12 97 0
-92 38 91 0
-92 39 93 0
-93 8 88 0
-93 13 98 0
-93 39 92 0
-93 40 94 0
-94 9 89 0
-94 14 99 0
-94 40 93 0
-94 41 95 0
-95 10 90 0
-95 15 100 0
-95 41 94 0
-96 11 91 0
-96 16 101 0
-96 44 97 0
-97 12 92 0
-97 17 102 0
-97 44 96 0
-97 45 98 0
-98 13 93 0
-98 18 103 0
-98 45 97 0
-98 46 99 0
-99 14 94 0
-99 19 104 0
-99 46 98 0
-99 47 100 0
-100 15 95 0
-100 20 105 0
-100 47 99 0
-101 16 96 0
-101 21 106 0
-101 50 102 0
-102 17 97 0
-102 22 107 0
-102 50 101 0
-102 51 103 0
-103 18 98 0
-103 23 108 0
-103 51 102 0
-103 52 104 0
-104 19 99 0
-104 24 109 0
-104 52 103 0
-104 53 105 0
-105 20 100 0
-105 25 110 0
-105 53 104 0
-106 21 101 0
-106 56 107 0
-107 22 102 0
-107 56 106 0
-107 57 108 0
-108 23 103 0
-108 57 107 0
-108 58 109 0
-109 24 104 0
-109 58 108 0
-109 59 110 0
-110 25 105 0
-110 59 109 0
-111 6 116 0
-111 32 112 0
-112 7 117 0
-112 32 111 0
-112 33 113 0
-113 8 118 0
-113 33 112 0
-113 34 114 0
-114 9 119 0
-114 34 113 0
-114 35 115 0
-115 10 120 0
-115 35 114 0
-116 6 111 0
-116 11 121 0
-116 38 117 0
-117 7 112 0
-117 12 122 0
-117 38 116 0
-117 39 118 0
-118 8 113 0
-118 13 123 0
-118 39 117 0
-118 40 119 0
-119 9 114 0
-119 14 124 0
-119 40 118 0
-119 41 120 0
-120 10 115 0
-120 15 125 0
-120 41 119 0
-121 11 116 0
-121 16 126 0
-121 44 122 0
-122 12 117 0
-122 17 127 0
-122 44 121 0
-122 45 123 0
-123 13 118 0
-123 18 128 0
-123 45 122 0
-123 46 124 0
-124 14 119 0
-124 19 129 0
-124 46 123 0
-124 47 125 0
-125 15 120 0
-125 20 130 0
-125 47 124 0
-126 16 121 0
-126 21 131 0
-126 50 127 0
-127 17 122 0
-127 22 132 0
-127 50 126 0
-127 51 128 0
-128 18 123 0
-128 23 133 0
-128 51 127 0
-128 52 129 0
-129 19 124 0
-129 24 134 0
-129 52 128 0
-129 53 130 0
-130 20 125 0
-130 25 135 0
-130 53 129 0
-131 21 126 0
-131 56 132 0
-132 22 127 0
-132 56 131 0
-132 57 133 0
-133 23 128 0
-133 57 132 0
-133 58 134 0
-134 24 129 0
-134 58 133 0
-134 59 135 0
-135 25 130 0
-135 59 134 0
-136 6 141 0
-136 32 137 0
-137 7 142 0
-137 32 136 0
-137 33 138 0
-138 8 143 0
-138 33 137 0
-138 34 139 0
-139 9 144 0
-139 34 138 0
-139 35 140 0
-140 10 145 0
-140 35 139 0
-141 6 136 0
-141 11 146 0
-141 38 142 0
-142 7 137 0
-142 12 147 0
-142 38 141 0
-142 39 143 0
-143 8 138 0
-143 13 148 0
-143 39 142 0
-143 40 144 0
-144 9 139 0
-144 14 149 0
-144 40 143 0
-144 41 145 0
-145 10 140 0
-145 15 150 0
-145 41 144 0
-146 11 141 0
-146 16 151 0
-146 44 147 0
-147 12 142 0
-147 17 152 0
-147 44 146 0
-147 45 148 0
-148 13 143 0
-148 18 153 0
-148 45 147 0
-148 46 149 0
-149 14 144 0
-149 19 154 0
-149 46 148 0
-149 47 150 0
-150 15 145 0
-150 20 155 0
-150 47 149 0
-151 16 146 0
-151 21 156 0
-151 50 152 0
-152 17 147 0
-152 22 157 0
-152 50 151 0
-152 51 153 0
-153 18 148 0
-153 23 158 0
-153 51 152 0
-153 52 154 0
-154 19 149 0
-154 24 159 0
-154 52 153 0
-154 53 155 0
-155 20 150 0
-155 25 160 0
-155 53 154 0
-156 21 151 0
-156 56 157 0
-157 22 152 0
-157 56 156 0
-157 57 158 0
-158 23 153 0
-158 57 157 0
-158 58 159 0
-159 24 154 0
-159 58 158 0
-159 59 160 0
-160 25 155 0
-160 59 159 0
-161 6 166 0
-161 32 162 0
-162 7 167 0
-162 32 161 0
-162 33 163 0
-163 8 168 0
-163 33 162 0
-163 34 164 0
-164 9 169 0
-164 34 163 0
-164 35 165 0
-165 10 170 0
-165 35 164 0
-166 6 161 0
-166 11 171 0
-166 38 167 0
-167 7 162 0
-167 12 172 0
-167 38 166 0
-167 39 168 0
-168 8 163 0
-168 13 173 0
-168 39 167 0
-168 40 169 0
-169 9 164 0
-169 14 174 0
-169 40 168 0
-169 41 170 0
-170 10 165 0
-170 15 175 0
-170 41 169 0
-171 11 166 0
-171 16 176 0
-171 44 172 0
-172 12 167 0
-172 17 177 0
-172 44 171 0
-172 45 173 0
-173 13 168 0
-173 18 178 0
-173 45 172 0
-173 46 174 0
-174 14 169 0
-174 19 179 0
-174 46 173 0
-174 47 175 0
-175 15 170 0
-175 20 180 0
-175 47 174 0
-176 16 171 0
-176 21 181 0
-176 50 177 0
-177 17 172 0
-177 22 182 0
-177 50 176 0
-177 51 178 0
-178 18 173 0
-178 23 183 0
-178 51 177 0
-178 52 179 0
-179 19 174 0
-179 24 184 0
-179 52 178 0
-179 53 180 0
-180 20 175 0
-180 25 185 0
-180 53 179 0
-181 21 176 0
-181 56 182 0
-182 22 177 0
-182 56 181 0
-182 57 183 0
-183 23 178 0
-183 57 182 0
-183 58 184 0
-184 24 179 0
-184 58 183 0
-184 59 185 0
-185 25 180 0
-185 59 184 0
-186 6 191 0
-186 32 187 0
-187 7 192 0
-187 32 186 0
-187 33 188 0
-188 8 193 0
-188 33 187 0
-188 34 189 0
-189 9 194 0
-189 34 188 0
-189 35 190 0
-190 10 195 0
-190 35 189 0
-191 6 186 0
-191 11 196 0
-191 38 192 0
-192 7 187 0
-192 12 197 0
-192 38 191 0
-192 39 193 0
-193 8 188 0
-193 13 198 0
-193 39 192 0
-193 40 194 0
-194 9 189 0
-194 14 199 0
-194 40 193 0
-194 41 195 0
-195 10 190 0
-195 15 200 0
-195 41 194 0
-196 11 191 0
-196 16 201 0
-196 44 197 0
-197 12 192 0
-197 17 202 0
-197 44 196 0
-197 45 198 0
-198 13 193 0
-198 18 203 0
-198 45 197 0
-198 46 199 0
-199 14 194 0
-199 19 204 0
-199 46 198 0
-199 47 200 0
-200 15 195 0
-200 20 205 0
-200 47 199 0
-201 16 196 0
-201 21 206 0
-201 50 202 0
-202 17 197 0
-202 22 207 0
-202 50 201 0
-202 51 203 0
-203 18 198 0
-203 23 208 0
-203 51 202 0
-203 52 204 0
-204 19 199 0
-204 24 209 0
-204 52 203 0
-204 53 205 0
-205 20 200 0
-205 25 210 0
-205 53 204 0
-206 21 201 0
-206 56 207 0
-207 22 202 0
-207 56 206 0
-207 57 208 0
-208 23 203 0
-208 57 207 0
-208 58 209 0
-209 24 204 0
-209 58 208 0
-209 59 210 0
-210 25 205 0
-210 59 209 0
-211 6 216 0
-211 32 212 0
-212 7 217 0
-212 32 211 0
-212 33 213 0
-213 8 218 0
-213 33 212 0
-213 34 214 0
-214 9 219 0
-214 34 213 0
-214 35 215 0
-215 10 220 0
-215 35 214 0
-216 6 211 0
-216 11 221 0
-216 38 217 0
-217 7 212 0
-217 12 222 0
-217 38 216 0
-217 39 218 0
-218 8 213 0
-218 13 223 0
-218 39 217 0
-218 40 219 0
-219 9 214 0
-219 14 224 0
-219 40 218 0
-219 41 220 0
-220 10 215 0
-220 15 225 0
-220 41 219 0
-221 11 216 0
-221 16 226 0
-221 44 222 0
-222 12 217 0
-222 17 227 0
-222 44 221 0
-222 45 223 0
-223 13 218 0
-223 18 228 0
-223 45 222 0
-223 46 224 0
-224 14 219 0
-224 19 229 0
-224 46 223 0
-224 47 225 0
-225 15 220 0
-225 20 230 0
-225 47 224 0
-226 16 221 0
-226 21 231 0
-226 50 227 0
-227 17 222 0
-227 22 232 0
-227 50 226 0
-227 51 228 0
-228 18 223 0
-228 23 233 0
-228 51 227 0
-228 52 229 0
-229 19 224 0
-229 24 234 0
-229 52 228 0
-229 53 230 0
-230 20 225 0
-230 25 235 0
-230 53 229 0
-231 21 226 0
-231 56 232 0
-232 22 227 0
-232 56 231 0
-232 57 233 0
-233 23 228 0
-233 57 232 0
-233 58 234 0
-234 24 229 0
-234 58 233 0
-234 59 235 0
-235 25 230 0
-235 59 234 0
-236 6 241 0
-236 32 237 0
-237 7 242 0
-237 32 236 0
-237 33 238 0
-238 8 243 0
-238 33 237 0
-238 34 239 0
-239 9 244 0
-239 34 238 0
-239 35 240 0
-240 10 245 0
-240 35 239 0
-241 6 236 0
-241 11 246 0
-241 38 242 0
-242 7 237 0
-242 12 247 0
-242 38 241 0
-242 39 243 0
-243 8 238 0
-243 13 248 0
-243 39 242 0
-243 40 244 0
-244 9 239 0
-244 14 249 0
-244 40 243 0
-244 41 245 0
-245 10 240 0
-245 15 250 0
-245 41 244 0
-246 11 241 0
-246 16 251 0
-246 44 247 0
-247 12 242 0
-247 17 252 0
-247 44 246 0
-247 45 248 0
-248 13 243 0
-248 18 253 0
-248 45 247 0
-248 46 249 0
-249 14 244 0
-249 19 254 0
-249 46 248 0
-249 47 250 0
-250 15 245 0
-250 20 255 0
-250 47 249 0
-251 16 246 0
-251 21 256 0
-251 50 252 0
-252 17 247 0
-252 22 257 0
-252 50 251 0
-252 51 253 0
-253 18 248 0
-253 23 258 0
-253 51 252 0
-253 52 254 0
-254 19 249 0
-254 24 259 0
-254 52 253 0
-254 53 255 0
-255 20 250 0
-255 25 260 0
-255 53 254 0
-256 21 251 0
-256 56 257 0
-257 22 252 0
-257 56 256 0
-257 57 258 0
-258 23 253 0
-258 57 257 0
-258 58 259 0
-259 24 254 0
-259 58 258 0
-259 59 260 0
-260 25 255 0
-260 59 259 0
-261 6 266 0
-261 32 262 0
-262 7 267 0
-262 32 261 0
-262 33 263 0
-263 8 268 0
-263 33 262 0
-263 34 264 0
-264 9 269 0
-264 34 263 0
-264 35 265 0
-265 10 270 0
-265 35 264 0
-266 6 261 0
-266 11 271 0
-266 38 267 0
-267 7 262 0
-267 12 272 0
-267 38 266 0
-267 39 268 0
-268 8 263 0
-268 13 273 0
-268 39 267 0
-268 40 269 0
-269 9 264 0
-269 14 274 0
-269 40 268 0
-269 41 270 0
-270 10 265 0
-270 15 275 0
-270 41 269 0
-271 11 266 0
-271 16 276 0
-271 44 272 0
-272 12 267 0
-272 17 277 0
-272 44 271 0
-272 45 273 0
-273 13 268 0
-273 18 278 0
-273 45 272 0
-273 46 274 0
-274 14 269 0
-274 19 279 0
-274 46 273 0
-274 47 275 0
-275 15 270 0
-275 20 280 0
-275 47 274 0
-276 16 271 0
-276 21 281 0
-276 50 277 0
-277 17 272 0
-277 22 282 0
-277 50 276 0
-277 51 278 0
-278 18 273 0
-278 23 283 0
-278 51 277 0
-278 52 279 0
-279 19 274 0
-279 24 284 0
-279 52 278 0
-279 53 280 0
-280 20 275 0
-280 25 285 0
-280 53 279 0
-281 21 276 0
-281 56 282 0
-282 22 277 0
-282 56 281 0
-282 57 283 0
-283 23 278 0
-283 57 282 0
-283 58 284 0
-284 24 279 0
-284 58 283 0
-284 59 285 0
-285 25 280 0
-285 59 284 0
-286 6 291 0
-286 32 287 0
-287 7 292 0
-287 32 286 0
-287 33 288 0
-288 8 293 0
-288 33 287 0
-288 34 289 0
-289 9 294 0
-289 34 288 0
-289 35 290 0
-290 10 295 0
-290 35 289 0
-291 6 286 0
-291 11 296 0
-291 38 292 0
-292 7 287 0
-292 12 297 0
-292 38 291 0
-292 39 293 0
-293 8 288 0
-293 13 298 0
-293 39 292 0
-293 40 294 0
-294 9 289 0
-294 14 299 0
-294 40 293 0
-294 41 295 0
-295 10 290 0
-295 15 300 0
-295 41 294 0
-296 11 291 0
-296 16 301 0
-296 44 297 0
-297 12 292 0
-297 17 302 0
-297 44 296 0
-297 45 298 0
-298 13 293 0
-298 18 303 0
-298 45 297 0
-298 46 299 0
-299 14 294 0
-299 19 304 0
-299 46 298 0
-299 47 300 0
-300 15 295 0
-300 20 305 0
-300 47 299 0
-301 16 296 0
-301 21 306 0
-301 50 302 0
-302 17 297 0
-302 22 307 0
-302 50 301 0
-302 51 303 0
-303 18 298 0
-303 23 308 0
-303 51 302 0
-303 52 304 0
-304 19 299 0
-304 24 309 0
-304 52 303 0
-304 53 305 0
-305 20 300 0
-305 25 310 0
-305 53 304 0
-306 21 301 0
-306 56 307 0
-307 22 302 0
-307 56 306 0
-307 57 308 0
-308 23 303 0
-308 57 307 0
-308 58 309 0
-309 24 304 0
-309 58 308 0
-309 59 310 0
-310 25 305 0
-310 59 309 0
-311 6 316 0
-311 32 312 0
-312 7 317 0
-312 32 311 0
-312 33 313 0
-313 8 318 0
-313 33 312 0
-313 34 314 0
-314 9 319 0
-314 34 313 0
-314 35 315 0
-315 10 320 0
-315 35 314 0
-316 6 311 0
-316 11 321 0
-316 38 317 0
-317 7 312 0
-317 12 322 0
-317 38 316 0
-317 39 318 0
-318 8 313 0
-318 13 323 0
-318 39 317 0
-318 40 319 0
-319 9 314 0
-319 14 324 0
-319 40 318 0
-319 41 320 0
-320 10 315 0
-320 15 325 0
-320 41 319 0
-321 11 316 0
-321 16 326 0
-321 44 322 0
-322 12 317 0
-322 17 327 0
-322 44 321 0
-322 45 323 0
-323 13 318 0
-323 18 328 0
-323 45 322 0
-323 46 324 0
-324 14 319 0
-324 19 329 0
-324 46 323 0
-324 47 325 0
-325 15 320 0
-325 20 330 0
-325 47 324 0
-326 16 321 0
-326 21 331 0
-326 50 327 0
-327 17 322 0
-327 22 332 0
-327 50 326 0
-327 51 328 0
-328 18 323 0
-328 23 333 0
-328 51 327 0
-328 52 329 0
-329 19 324 0
-329 24 334 0
-329 52 328 0
-329 53 330 0
-330 20 325 0
-330 25 335 0
-330 53 329 0
-331 21 326 0
-331 56 332 0
-332 22 327 0
-332 56 331 0
-332 57 333 0
-333 23 328 0
-333 57 332 0
-333 58 334 0
-334 24 329 0
-334 58 333 0
-334 59 335 0
-335 25 330 0
-335 59 334 0
-336 6 341 0
-336 32 337 0
-337 7 342 0
-337 32 336 0
-337 33 338 0
-338 8 343 0
-338 33 337 0
-338 34 339 0
-339 9 344 0
-339 34 338 0
-339 35 340 0
-340 10 345 0
-340 35 339 0
-341 6 336 0
-341 11 346 0
-341 38 342 0
-342 7 337 0
-342 12 347 0
-342 38 341 0
-342 39 343 0
-343 8 338 0
-343 13 348 0
-343 39 342 0
-343 40 344 0
-344 9 339 0
-344 14 349 0
-344 40 343 0
-344 41 345 0
-345 10 340 0
-345 15 350 0
-345 41 344 0
-346 11 341 0
-346 16 351 0
-346 44 347 0
-347 12 342 0
-347 17 352 0
-347 44 346 0
-347 45 348 0
-348 13 343 0
-348 18 353 0
-348 45 347 0
-348 46 349 0
-349 14 344 0
-349 19 354 0
-349 46 348 0
-349 47 350 0
-350 15 345 0
-350 20 355 0
-350 47 349 0
-351 16 346 0
-351 21 356 0
-351 50 352 0
-352 17 347 0
-352 22 357 0
-352 50 351 0
-352 51 353 0
-353 18 348 0
-353 23 358 0
-353 51 352 0
-353 52 354 0
-354 19 349 0
-354 24 359 0
-354 52 353 0
-354 53 355 0
-355 20 350 0
-355 25 360 0
-355 53 354 0
-356 21 351 0
-356 56 357 0
-357 22 352 0
-357 56 356 0
-357 57 358 0
-358 23 353 0
-358 57 357 0
-358 58 359 0
-359 24 354 0
-359 58 358 0
-359 59 360 0
-360 25 355 0
-360 59 359 0
-361 6 366 0
-361 32 362 0
-362 7 367 0
-362 32 361 0
-362 33 363 0
-363 8 368 0
-363 33 362 0
-363 34 364 0
-364 9 369 0
-364 34 363 0
-364 35 365 0
-365 10 370 0
-365 35 364 0
-366 6 361 0
-366 11 371 0
-366 38 367 0
-367 7 362 0
-367 12 372 0
-367 38 366 0
-367 39 368 0
-368 8 363 0
-368 13 373 0
-368 39 367 0
-368 40 369 0
-369 9 364 0
-369 14 374 0
-369 40 368 0
-369 41 370 0
-370 10 365 0
-370 15 375 0
-370 41 369 0
-371 11 366 0
-371 16 376 0
-371 44 372 0
-372 12 367 0
-372 17 377 0
-372 44 371 0
-372 45 373 0
-373 13 368 0
-373 18 378 0
-373 45 372 0
-373 46 374 0
-374 14 369 0
-374 19 379 0
-374 46 373 0
-374 47 375 0
-375 15 370 0
-375 20 380 0
-375 47 374 0
-376 16 371 0
-376 21 381 0
-376 50 377 0
-377 17 372 0
-377 22 382 0
-377 50 376 0
-377 51 378 0
-378 18 373 0
-378 23 383 0
-378 51 377 0
-378 52 379 0
-379 19 374 0
-379 24 384 0
-379 52 378 0
-379 53 380 0
-380 20 375 0
-380 25 385 0
-380 53 379 0
-381 21 376 0
-381 56 382 0
-382 22 377 0
-382 56 381 0
-382 57 383 0
-383 23 378 0
-383 57 382 0
-383 58 384 0
-384 24 379 0
-384 58 383 0
-384 59 385 0
-385 25 380 0
-385 59 384 0
-386 6 391 0
-386 32 387 0
-387 7 392 0
-387 32 386 0
-387 33 388 0
-388 8 393 0
-388 33 387 0
-388 34 389 0
-389 9 394 0
-389 34 388 0
-389 35 390 0
-390 10 395 0
-390 35 389 0
-391 6 386 0
-391 11 396 0
-391 38 392 0
-392 7 387 0
-392 12 397 0
-392 38 391 0
-392 39 393 0
-393 8 388 0
-393 13 398 0
-393 39 392 0
-393 40 394 0
-394 9 389 0
-394 14 399 0
-394 40 393 0
-394 41 395 0
-395 10 390 0
-395 15 400 0
-395 41 394 0
-396 11 391 0
-396 16 401 0
-396 44 397 0
-397 12 392 0
-397 17 402 0
-397 44 396 0
-397 45 398 0
-398 13 393 0
-398 18 403 0
-398 45 397 0
-398 46 399 0
-399 14 394 0
-399 19 404 0
-399 46 398 0
-399 47 400 0
-400 15 395 0
-400 20 405 0
-400 47 399 0
-401 16 396 0
-401 21 406 0
-401 50 402 0
-402 17 397 0
-402 22 407 0
-402 50 401 0
-402 51 403 0
-403 18 398 0
-403 23 408 0
-403 51 402 0
-403 52 404 0
-404 19 399 0
-404 24 409 0
-404 52 403 0
-404 53 405 0
-405 20 400 0
-405 25 410 0
-405 53 404 0
-406 21 401 0
-406 56 407 0
-407 22 402 0
-407 56 406 0
-407 57 408 0
-408 23 403 0
-408 57 407 0
-408 58 409 0
-409 24 404 0
-409 58 408 0
-409 59 410 0
-410 25 405 0
-410 59 409 0
-411 6 416 0
-411 32 412 0
-412 7 417 0
-412 32 411 0
-412 33 413 0
-413 8 418 0
-413 33 412 0
-413 34 414 0
-414 9 419 0
-414 34 413 0
-414 35 415 0
-415 10 420 0
-415 35 414 0
-416 6 411 0
-416 11 421 0
-416 38 417 0
-417 7 412 0
-417 12 422 0
-417 38 416 0
-417 39 418 0
-418 8 413 0
-418 13 423 0
-418 39 417 0
-418 40 419 0
-419 9 414 0
-419 14 424 0
-419 40 418 0
-419 41 420 0
-420 10 415 0
-420 15 425 0
-420 41 419 0
-421 11 416 0
-421 16 426 0
-421 44 422 0
-422 12 417 0
-422 17 427 0
-422 44 421 0
-422 45 423 0
-423 13 418 0
-423 18 428 0
-423 45 422 0
-423 46 424 0
-424 14 419 0
-424 19 429 0
-424 46 423 0
-424 47 425 0
-425 15 420 0
-425 20 430 0
-425 47 424 0
-426 16 421 0
-426 21 431 0
-426 50 427 0
-427 17 422 0
-427 22 432 0
-427 50 426 0
-427 51 428 0
-428 18 423 0
-428 23 433 0
-428 51 427 0
-428 52 429 0
-429 19 424 0
-429 24 434 0
-429 52 428 0
-429 53 430 0
-430 20 425 0
-430 25 435 0
-430 53 429 0
-431 21 426 0
-431 56 432 0
-432 22 427 0
-432 56 431 0
-432 57 433 0
-433 23 428 0
-433 57 432 0
-433 58 434 0
-434 24 429 0
-434 58 433 0
-434 59 435 0
-435 25 430 0
-435 59 434 0
-436 6 441 0
-436 32 437 0
-437 7 442 0
-437 32 436 0
-437 33 438 0
-438 8 443 0
-438 33 437 0
-438 34 439 0
-439 9 444 0
-439 34 438 0
-439 35 440 0
-440 10 445 0
-440 35 439 0
-441 6 436 0
-441 11 446 0
-441 38 442 0
-442 7 437 0
-442 12 447 0
-442 38 441 0
-442 39 443 0
-443 8 438 0
-443 13 448 0
-443 39 442 0
-443 40 444 0
-444 9 439 0
-444 14 449 0
-444 40 443 0
-444 41 445 0
-445 10 440 0
-445 15 450 0
-445 41 444 0
-446 11 441 0
-446 16 451 0
-446 44 447 0
-447 12 442 0
-447 17 452 0
-447 44 446 0
-447 45 448 0
-448 13 443 0
-448 18 453 0
-448 45 447 0
-448 46 449 0
-449 14 444 0
-449 19 454 0
-449 46 448 0
-449 47 450 0
-450 15 445 0
-450 20 455 0
-450 47 449 0
-451 16 446 0
-451 21 456 0
-451 50 452 0
-452 17 447 0
-452 22 457 0
-452 50 451 0
-452 51 453 0
-453 18 448 0
-453 23 458 0
-453 51 452 0
-453 52 454 0
-454 19 449 0
-454 24 459 0
-454 52 453 0
-454 53 455 0
-455 20 450 0
-455 25 460 0
-455 53 454 0
-456 21 451 0
-456 56 457 0
-457 22 452 0
-457 56 456 0
-457 57 458 0
-458 23 453 0
-458 57 457 0
-458 58 459 0
-459 24 454 0
-459 58 458 0
-459 59 460 0
-460 25 455 0
-460 59 459 0
-461 6 466 0
-461 32 462 0
-462 7 467 0
-462 32 461 0
-462 33 463 0
-463 8 468 0
-463 33 462 0
-463 34 464 0
-464 9 469 0
-464 34 463 0
-464 35 465 0
-465 10 470 0
-465 35 464 0
-466 6 461 0
-466 11 471 0
-466 38 467 0
-467 7 462 0
-467 12 472 0
-467 38 466 0
-467 39 468 0
-468 8 463 0
-468 13 473 0
-468 39 467 0
-468 40 469 0
-469 9 464 0
-469 14 474 0
-469 40 468 0
-469 41 470 0
-470 10 465 0
-470 15 475 0
-470 41 469 0
-471 11 466 0
-471 16 476 0
-471 44 472 0
-472 12 467 0
-472 17 477 0
-472 44 471 0
-472 45 473 0
-473 13 468 0
-473 18 478 0
-473 45 472 0
-473 46 474 0
-474 14 469 0
-474 19 479 0
-474 46 473 0
-474 47 475 0
-475 15 470 0
-475 20 480 0
-475 47 474 0
-476 16 471 0
-476 21 481 0
-476 50 477 0
-477 17 472 0
-477 22 482 0
-477 50 476 0
-477 51 478 0
-478 18 473 0
-478 23 483 0
-478 51 477 0
-478 52 479 0
-479 19 474 0
-479 24 484 0
-479 52 478 0
-479 53 480 0
-480 20 475 0
-480 25 485 0
-480 53 479 0
-481 21 476 0
-481 56 482 0
-482 22 477 0
-482 56 481 0
-482 57 483 0
-483 23 478 0
-483 57 482 0
-483 58 484 0
-484 24 479 0
-484 58 483 0
-484 59 485 0
-485 25 480 0
-485 59 484 0
-486 6 491 0
-486 32 487 0
-487 7 492 0
-487 32 486 0
-487 33 488 0
-488 8 493 0
-488 33 487 0
-488 34 489 0
-489 9 494 0
-489 34 488 0
-489 35 490 0
-490 10 495 0
-490 35 489 0
-491 6 486 0
-491 11 496 0
-491 38 492 0
-492 7 487 0
-492 12 497 0
-492 38 491 0
-492 39 493 0
-493 8 488 0
-493 13 498 0
-493 39 492 0
-493 40 494 0
-494 9 489 0
-494 14 499 0
-494 40 493 0
-494 41 495 0
-495 10 490 0
-495 15 500 0
-495 41 494 0
-496 11 491 0
-496 16 501 0
-496 44 497 0
-497 12 492 0
-497 17 502 0
-497 44 496 0
-497 45 498 0
-498 13 493 0
-498 18 503 0
-498 45 497 0
-498 46 499 0
-499 14 494 0
-499 19 504 0
-499 46 498 0
-499 47 500 0
-500 15 495 0
-500 20 505 0
-500 47 499 0
-501 16 496 0
-501 21 506 0
-501 50 502 0
-502 17 497 0
-502 22 507 0
-502 50 501 0
-502 51 503 0
-503 18 498 0
-503 23 508 0
-503 51 502 0
-503 52 504 0
-504 19 499 0
-504 24 509 0
-504 52 503 0
-504 53 505 0
-505 20 500 0
-505 25 510 0
-505 53 504 0
-506 21 501 0
-506 56 507 0
-507 22 502 0
-507 56 506 0
-507 57 508 0
-508 23 503 0
-508 57 507 0
-508 58 509 0
-509 24 504 0
-509 58 508 0
-509 59 510 0
-510 25 505 0
-510 59 509 0
-511 6 516 0
-511 32 512 0
-512 7 517 0
-512 32 511 0
-512 33 513 0
-513 8 518 0
-513 33 512 0
-513 34 514 0
-514 9 519 0
-514 34 513 0
-514 35 515 0
-515 10 520 0
-515 35 514 0
-516 6 511 0
-516 11 521 0
-516 38 517 0
-517 7 512 0
-517 12 522 0
-517 38 516 0
-517 39 518 0
-518 8 513 0
-518 13 523 0
-518 39 517 0
-518 40 519 0
-519 9 514 0
-519 14 524 0
-519 40 518 0
-519 41 520 0
-520 10 515 0
-520 15 525 0
-520 41 519 0
-521 11 516 0
-521 16 526 0
-521 44 522 0
-522 12 517 0
-522 17 527 0
-522 44 521 0
-522 45 523 0
-523 13 518 0
-523 18 528 0
-523 45 522 0
-523 46 524 0
-524 14 519 0
-524 19 529 0
-524 46 523 0
-524 47 525 0
-525 15 520 0
-525 20 530 0
-525 47 524 0
-526 16 521 0
-526 21 531 0
-526 50 527 0
-527 17 522 0
-527 22 532 0
-527 50 526 0
-527 51 528 0
-528 18 523 0
-528 23 533 0
-528 51 527 0
-528 52 529 0
-529 19 524 0
-529 24 534 0
-529 52 528 0
-529 53 530 0
-530 20 525 0
-530 25 535 0
-530 53 529 0
-531 21 526 0
-531 56 532 0
-532 22 527 0
-532 56 531 0
-532 57 533 0
-533 23 528 0
-533 57 532 0
-533 58 534 0
-534 24 529 0
-534 58 533 0
-534 59 535 0
-535 25 530 0
-535 59 534 0
-536 6 541 0
-536 32 537 0
-537 7 542 0
-537 32 536 0
-537 33 538 0
-538 8 543 0
-538 33 537 0
-538 34 539 0
-539 9 544 0
-539 34 538 0
-539 35 540 0
-540 10 545 0
-540 35 539 0
-541 6 536 0
-541 11 546 0
-541 38 542 0
-542 7 537 0
-542 12 547 0
-542 38 541 0
-542 39 543 0
-543 8 538 0
-543 13 548 0
-543 39 542 0
-543 40 544 0
-544 9 539 0
-544 14 549 0
-544 40 543 0
-544 41 545 0
-545 10 540 0
-545 15 550 0
-545 41 544 0
-546 11 541 0
-546 16 551 0
-546 44 547 0
-547 12 542 0
-547 17 552 0
-547 44 546 0
-547 45 548 0
-548 13 543 0
-548 18 553 0
-548 45 547 0
-548 46 549 0
-549 14 544 0
-549 19 554 0
-549 46 548 0
-549 47 550 0
-550 15 545 0
-550 20 555 0
-550 47 549 0
-551 16 546 0
-551 21 556 0
-551 50 552 0
-552 17 547 0
-552 22 557 0
-552 50 551 0
-552 51 553 0
-553 18 548 0
-553 23 558 0
-553 51 552 0
-553 52 554 0
-554 19 549 0
-554 24 559 0
-554 52 553 0
-554 53 555 0
-555 20 550 0
-555 25 560 0
-555 53 554 0
-556 21 551 0
-556 56 557 0
-557 22 552 0
-557 56 556 0
-557 57 558 0
-558 23 553 0
-558 57 557 0
-558 58 559 0
-559 24 554 0
-559 58 558 0
-559 59 560 0
-560 25 555 0
-560 59 559 0
-561 6 566 0
-561 32 562 0
-562 7 567 0
-562 32 561 0
-562 33 563 0
-563 8 568 0
-563 33 562 0
-563 34 564 0
-564 9 569 0
-564 34 563 0
-564 35 565 0
-565 10 570 0
-565 35 564 0
-566 6 561 0
-566 11 571 0
-566 38 567 0
-567 7 562 0
-567 12 572 0
-567 38 566 0
-567 39 568 0
-568 8 563 0
-568 13 573 0
-568 39 567 0
-568 40 569 0
-569 9 564 0
-569 14 574 0
-569 40 568 0
-569 41 570 0
-570 10 565 0
-570 15 575 0
-570 41 569 0
-571 11 566 0
-571 16 576 0
-571 44 572 0
-572 12 567 0
-572 17 577 0
-572 44 571 0
-572 45 573 0
-573 13 568 0
-573 18 578 0
-573 45 572 0
-573 46 574 0
-574 14 569 0
-574 19 579 0
-574 46 573 0
-574 47 575 0
-575 15 570 0
-575 20 580 0
-575 47 574 0
-576 16 571 0
-576 21 581 0
-576 50 577 0
-577 17 572 0
-577 22 582 0
-577 50 576 0
-577 51 578 0
-578 18 573 0
-578 23 583 0
-578 51 577 0
-578 52 579 0
-579 19 574 0
-579 24 584 0
-579 52 578 0
-579 53 580 0
-580 20 575 0
-580 25 585 0
-580 53 579 0
-581 21 576 0
-581 56 582 0
-582 22 577 0
-582 56 581 0
-582 57 583 0
-583 23 578 0
-583 57 582 0
-583 58 584 0
-584 24 579 0
-584 58 583 0
-584 59 585 0
-585 25 580 0
-585 59 584 0
-586 6 591 0
-586 32 587 0
-587 7 592 0
-587 32 586 0
-587 33 588 0
-588 8 593 0
-588 33 587 0
-588 34 589 0
-589 9 594 0
-589 34 588 0
-589 35 590 0
-590 10 595 0
-590 35 589 0
-591 6 586 0
-591 11 596 0
-591 38 592 0
-592 7 587 0
-592 12 597 0
-592 38 591 0
-592 39 593 0
-593 8 588 0
-593 13 598 0
-593 39 592 0
-593 40 594 0
-594 9 589 0
-594 14 599 0
-594 40 593 0
-594 41 595 0
-595 10 590 0
-595 15 600 0
-595 41 594 0
-596 11 591 0
-596 16 601 0
-596 44 597 0
-597 12 592 0
-597 17 602 0
-597 44 596 0
-597 45 598 0
-598 13 593 0
-598 18 603 0
-598 45 597 0
-598 46 599 0
-599 14 594 0
-599 19 604 0
-599 46 598 0
-599 47 600 0
-600 15 595 0
-600 20 605 0
-600 47 599 0
-601 16 596 0
-601 21 606 0
-601 50 602 0
-602 17 597 0
-602 22 607 0
-602 50 601 0
-602 51 603 0
-603 18 598 0
-603 23 608 0
-603 51 602 0
-603 52 604 0
-604 19 599 0
-604 24 609 0
-604 52 603 0
-604 53 605 0
-605 20 600 0
-605 25 610 0
-605 53 604 0
-606 21 601 0
-606 56 607 0
-607 22 602 0
-607 56 606 0
-607 57 608 0
-608 23 603 0
-608 57 607 0
-608 58 609 0
-609 24 604 0
-609 58 608 0
-609 59 610 0
-610 25 605 0
-610 59 609 0
-611 6 616 0
-611 32 612 0
-612 7 617 0
-612 32 611 0
-612 33 613 0
-613 8 618 0
-613 33 612 0
-613 34 614 0
-614 9 619 0
-614 34 613 0
-614 35 615 0
-615 10 620 0
-615 35 614 0
-616 6 611 0
-616 11 621 0
-616 38 617 0
-617 7 612 0
-617 12 622 0
-617 38 616 0
-617 39 618 0
-618 8 613 0
-618 13 623 0
-618 39 617 0
-618 40 619 0
-619 9 614 0
-619 14 624 0
-619 40 618 0
-619 41 620 0
-620 10 615 0
-620 15 625 0
-620 41 619 0
-621 11 616 0
-621 16 626 0
-621 44 622 0
-622 12 617 0
-622 17 627 0
-622 44 621 0
-622 45 623 0
-623 13 618 0
-623 18 628 0
-623 45 622 0
-623 46 624 0
-624 14 619 0
-624 19 629 0
-624 46 623 0
-624 47 625 0
-625 15 620 0
-625 20 630 0
-625 47 624 0
-626 16 621 0
-626 21 631 0
-626 50 627 0
-627 17 622 0
-627 22 632 0
-627 50 626 0
-627 51 628 0
-628 18 623 0
-628 23 633 0
-628 51 627 0
-628 52 629 0
-629 19 624 0
-629 24 634 0
-629 52 628 0
-629 53 630 0
-630 20 625 0
-630 25 635 0
-630 53 629 0
-631 21 626 0
-631 56 632 0
-632 22 627 0
-632 56 631 0
-632 57 633 0
-633 23 628 0
-633 57 632 0
-633 58 634 0
-634 24 629 0
-634 58 633 0
-634 59 635 0
-635 25 630 0
-635 59 634 0
-636 6 641 0
-636 32 637 0
-637 7 642 0
-637 32 636 0
-637 33 638 0
-638 8 643 0
-638 33 637 0
-638 34 639 0
-639 9 644 0
-639 34 638 0
-639 35 640 0
-640 10 645 0
-640 35 639 0
-641 6 636 0
-641 11 646 0
-641 38 642 0
-642 7 637 0
-642 12 647 0
-642 38 641 0
-642 39 643 0
-643 8 638 0
-643 13 648 0
-643 39 642 0
-643 40 644 0
-644 9 639 0
-644 14 649 0
-644 40 643 0
-644 41 645 0
-645 10 640 0
-645 15 650 0
-645 41 644 0
-646 11 641 0
-646 16 651 0
-646 44 647 0
-647 12 642 0
-647 17 652 0
-647 44 646 0
-647 45 648 0
-648 13 643 0
-648 18 653 0
-648 45 647 0
-648 46 649 0
-649 14 644 0
-649 19 654 0
-649 46 648 0
-649 47 650 0
-650 15 645 0
-650 20 655 0
-650 47 649 0
-651 16 646 0
-651 21 656 0
-651 50 652 0
-652 17 647 0
-652 22 657 0
-652 50 651 0
-652 51 653 0
-653 18 648 0
-653 23 658 0
-653 51 652 0
-653 52 654 0
-654 19 649 0
-654 24 659 0
-654 52 653 0
-654 53 655 0
-655 20 650 0
-655 25 660 0
-655 53 654 0
-656 21 651 0
-656 56 657 0
-657 22 652 0
-657 56 656 0
-657 57 658 0
-658 23 653 0
-658 57 657 0
-658 58 659 0
-659 24 654 0
-659 58 658 0
-659 59 660 0
-660 25 655 0
-660 59 659 0
-661 6 666 0
-661 32 662 0
-662 7 667 0
-662 32 661 0
-662 33 663 0
-663 8 668 0
-663 33 662 0
-663 34 664 0
-664 9 669 0
-664 34 663 0
-664 35 665 0
-665 10 670 0
-665 35 664 0
-666 6 661 0
-666 11 671 0
-666 38 667 0
-667 7 662 0
-667 12 672 0
-667 38 666 0
-667 39 668 0
-668 8 663 0
-668 13 673 0
-668 39 667 0
-668 40 669 0
-669 9 664 0
-669 14 674 0
-669 40 668 0
-669 41 670 0
-670 10 665 0
-670 15 675 0
-670 41 669 0
-671 11 666 0
-671 16 676 0
-671 44 672 0
-672 12 667 0
-672 17 677 0
-672 44 671 0
-672 45 673 0
-673 13 668 0
-673 18 678 0
-673 45 672 0
-673 46 674 0
-674 14 669 0
-674 19 679 0
-674 46 673 0
-674 47 675 0
-675 15 670 0
-675 20 680 0
-675 47 674 0
-676 16 671 0
-676 21 681 0
-676 50 677 0
-677 17 672 0
-677 22 682 0
-677 50 676 0
-677 51 678 0
-678 18 673 0
-678 23 683 0
-678 51 677 0
-678 52 679 0
-679 19 674 0
-679 24 684 0
-679 52 678 0
-679 53 680 0
-680 20 675 0
-680 25 685 0
-680 53 679 0
-681 21 676 0
-681 56 682 0
-682 22 677 0
-682 56 681 0
-682 57 683 0
-683 23 678 0
-683 57 682 0
-683 58 684 0
-684 24 679 0
-684 58 683 0
-684 59 685 0
-685 25 680 0
-685 59 684 0
-686 6 691 0
-686 32 687 0
-687 7 692 0
-687 32 686 0
-687 33 688 0
-688 8 693 0
-688 33 687 0
-688 34 689 0
-689 9 694 0
-689 34 688 0
-689 35 690 0
-690 10 695 0
-690 35 689 0
-691 6 686 0
-691 11 696 0
-691 38 692 0
-692 7 687 0
-692 12 697 0
-692 38 691 0
-692 39 693 0
-693 8 688 0
-693 13 698 0
-693 39 692 0
-693 40 694 0
-694 9 689 0
-694 14 699 0
-694 40 693 0
-694 41 695 0
-695 10 690 0
-695 15 700 0
-695 41 694 0
-696 11 691 0
-696 16 701 0
-696 44 697 0
-697 12 692 0
-697 17 702 0
-697 44 696 0
-697 45 698 0
-698 13 693 0
-698 18 703 0
-698 45 697 0
-698 46 699 0
-699 14 694 0
-699 19 704 0
-699 46 698 0
-699 47 700 0
-700 15 695 0
-700 20 705 0
-700 47 699 0
-701 16 696 0
-701 21 706 0
-701 50 702 0
-702 17 697 0
-702 22 707 0
-702 50 701 0
-702 51 703 0
-703 18 698 0
-703 23 708 0
-703 51 702 0
-703 52 704 0
-704 19 699 0
-704 24 709 0
-704 52 703 0
-704 53 705 0
-705 20 700 0
-705 25 710 0
-705 53 704 0
-706 21 701 0
-706 56 707 0
-707 22 702 0
-707 56 706 0
-707 57 708 0
-708 23 703 0
-708 57 707 0
-708 58 709 0
-709 24 704 0
-709 58 708 0
-709 59 710 0
-710 25 705 0
-710 59 709 0
61 61 86 0
61 62 87 0
61 63 88 0
61 64 89 0
61 65 90 0
61 66 91 0
61 67 92 0
61 68 93 0
61 69 94 0
61 70 95 0
61 71 96 0
61 72 97 0
61 73 98 0
61 74 99 0
61 75 100 0
61 76 101 0
61 77 102 0
61 78 103 0
61 79 104 0
61 80 105 0
61 81 106 0
61 82 107 0
61 83 108 0
61 84 109 0
61 85 110 0
62 61 111 0
62 62 112 0
62 63 113 0
62 64 114 0
62 65 115 0
62 66 116 0
62 67 117 0
62 68 118 0
62 69 119 0
62 70 120 0
62 71 121 0
62 72 122 0
62 73 123 0
62 74 124 0
62 75 125 0
62 76 126 0
62 77 127 0
62 78 128 0
62 79 129 0
62 80 130 0
62 81 131 0
62 82 132 0
62 83 133 0
62 84 134 0
62 85 135 0
63 61 136 0
63 62 137 0
63 63 138 0
63 64 139 0
63 65 140 0
63 66 141 0
63 67 142 0
63 68 143 0
63 69 144 0
63 70 145 0
63 71 146 0
63 72 147 0
63 73 148 0
63 74 149 0
63 75 150 0
63 76 151 0
63 77 152 0
63 78 153 0
63 79 154 0
63 80 155 0
63 81 156 0
63 82 157 0
63 83 158 0
63 84 159 0
63 85 160 0
64 61 161 0
64 62 162 0
64 63 163 0
64 64 164 0
64 65 165 0
64 66 166 0
64 67 167 0
64 68 168 0
64 69 169 0
64 70 170 0
64 71 171 0
64 72 172 0
64 73 173 0
64 74 174 0
64 75 175 0
64 76 176 0
64 77 177 0
64 78 178 0
64 79 179 0
64 80 180 0
64 81 181 0
64 82 182 0
64 83 183 0
64 84 184 0
64 85 185 0
65 61 186 0
65 62 187 0
65 63 188 0
65 64 189 0
65 65 190 0
65 66 191 0
65 67 192 0
65 68 193 0
65 69 194 0
65 70 195 0
65 71 196 0
65 72 197 0
65 73 198 0
65 74 199 0
65 75 200 0
65 76 201 0
65 77 202 0
65 78 203 0
65 79 204 0
65 80 205 0
65 81 206 0
65 82 207 0
65 83 208 0
65 84 209 0
65 85 210 0
66 61 211 0
66 62 212 0
66 63 213 0
66 64 214 0
66 65 215 0
66 66 216 0
66 67 217 0
66 68 218 0
66 69 219 0
66 70 220 0
66 71 221 0
66 72 222 0
66 73 223 0
66 74 224 0
66 75 225 0
66 76 226 0
66 77 227 0
66 78 228 0
66 79 229 0
66 80 230 0
66 81 231 0
66 82 232 0
66 83 233 0
66 84 234 0
66 85 235 0
67 61 236 0
67 62 237 0
67 63 238 0
67 64 239 0
67 65 240 0
67 66 241 0
67 67 242 0
67 68 243 0
67 69 244 0
67 70 245 0
67 71 246 0
67 72 247 0
67 73 248 0
67 74 249 0
67 75 250 0
67 76 251 0
67 77 252 0
67 78 253 0
67 79 254 0
67 80 255 0
67 81 256 0
67 82 257 0
67 83 258 0
67 84 259 0
67 85 260 0
68 61 261 0
68 62 262 0
68 63 263 0
68 64 264 0
68 65 265 0
68 66 266 0
68 67 267 0
68 68 268 0
68 69 269 0
68 70 270 0
68 71 271 0
68 72 272 0
68 73 273 0
68 74 274 0
68 75 275 0
68 76 276 0
68 77 277 0
68 78 278 0
68 79 279 0
68 80 280 0
68 81 281 0
68 82 282 0
68 83 283 0
68 84 284 0
68 85 285 0
69 61 286 0
69 62 287 0
69 63 288 0
69 64 289 0
69 65 290 0
69 66 291 0
69 67 292 0
69 68 293 0
69 69 294 0
69 70 295 0
69 71 296 0
69 72 297 0
69 73 298 0
69 74 299 0
69 75 300 0
69 76 301 0
69 77 302 0
69 78 303 0
69 79 304 0
69 80 305 0
69 81 306 0
69 82 307 0
69 83 308 0
69 84 309 0
69 85 310 0
70 61 311 0
70 62 312 0
70 63 313 0
70 64 314 0
70 65 315 0
70 66 316 0
70 67 317 0
70 68 318 0
70 69 319 0
70 70 320 0
70 71 321 0
70 72 322 0
70 73 323 0
70 74 324 0
70 75 325 0
70 76 326 0
70 77 327 0
70 78 328 0
70 79 329 0
70 80 330 0
70 81 331 0
70 82 332 0
70 83 333 0
70 84 334 0
70 85 335 0
71 61 336 0
71 62 337 0
71 63 338 0
71 64 339 0
71 65 340 0
71 66 341 0
71 67 342 0
71 68 343 0
71 69 344 0
71 70 345 0
71 71 346 0
71 72 347 0
71 73 348 0
71 74 349 0
71 75 350 0
71 76 351 0
71 77 352 0
71 78 353 0
71 79 354 0
71 80 355 0
71 81 356 0
71 82 357 0
71 83 358 0
71 84 359 0
71 85 360 0
72 61 361 0
72 62 362 0
72 63 363 0
72 64 364 0
72 65 365 0
72 66 366 0
72 67 367 0
72 68 368 0
72 69 369 0
72 70 370 0
72 71 371 0
72 72 372 0
72 73 373 0
72 74 374 0
72 75 375 0
72 76 376 0
72 77 377 0
72 78 378 0
72 79 379 0
72 80 380 0
72 81 381 0
72 82 382 0
72 83 383 0
72 84 384 0
72 85 385 0
73 61 386 0
73 62 387 0
73 63 388 0
73 64 389 0
73 65 390 0
73 66 391 0
73 67 392 0
73 68 393 0
73 69 394 0
73 70 395 0
73 71 396 0
73 72 397 0
73 73 398 0
73 74 399 0
73 75 400 0
73 76 401 0
73 77 402 0
73 78 403 0
73 79 404 0
73 80 405 0
73 81 406 0
73 82 407 0
73 83 408 0
73 84 409 0
73 85 410 0
74 61 411 0
74 62 412 0
74 63 413 0
74 64 414 0
74 65 415 0
74 66 416 0
74 67 417 0
74 68 418 0
74 69 419 0
74 70 420 0
74 71 421 0
74 72 422 0
74 73 423 0
74 74 424 0
74 75 425 0
74 76 426 0
74 77 427 0
74 78 428 0
74 79 429 0
74 80 430 0
74 81 431 0
74 82 432 0
74 83 433 0
74 84 434 0
74 85 435 0
75 61 436 0
75 62 437 0
75 63 438 0
75 64 439 0
75 65 440 0
75 66 441 0
75 67 442 0
75 68 443 0
75 69 444 0
75 70 445 0
75 71 446 0
75 72 447 0
75 73 448 0
75 74 449 0
75 75 450 0
75 76 451 0
75 77 452 0
75 78 453 0
75 79 454 0
75 80 455 0
75 81 456 0
75 82 457 0
75 83 458 0
75 84 459 0
75 85 460 0
76 61 461 0
76 62 462 0
76 63 463 0
76 64 464 0
76 65 465 0
76 66 466 0
76 67 467 0
76 68 468 0
76 69 469 0
76 70 470 0
76 71 471 0
76 72 472 0
76 73 473 0
76 74 474 0
76 75 475 0
76 76 476 0
76 77 477 0
76 78 478 0
76 79 479 0
76 80 480 0
76 81 481 0
76 82 482 0
76 83 483 0
76 84 484 0
76 85 485 0
77 61 486 0
77 62 487 0
77 63 488 0
77 64 489 0
77 65 490 0
77 66 491 0
77 67 492 0
77 68 493 0
77 69 494 0
77 70 495 0
77 71 496 0
77 72 497 0
77 73 498 0
77 74 499 0
77 75 500 0
77 76 501 0
77 77 502 0
77 78 503 0
77 79 504 0
77 80 505 0
77 81 506 0
77 82 507 0
77 83 508 0
77 84 509 0
77 85 510 0
78 61 511 0
78 62 512 0
78 63 513 0
78 64 514 0
78 65 515 0
78 66 516 0
78 67 517 0
78 68 518 0
78 69 519 0
78 70 520 0
78 71 521 0
78 72 522 0
78 73 523 0
78 74 524 0
78 75 525 0
78 76 526 0
78 77 527 0
78 78 528 0
78 79 529 0
78 80 530 0
78 81 531 0
78 82 532 0
78 83 533 0
78 84 534 0
78 85 535 0
79 61 536 0
79 62 537 0
79 63 538 0
79 64 539 0
79 65 540 0
79 66 541 0
79 67 542 0
79 68 543 0
79 69 544 0
79 70 545 0
79 71 546 0
79 72 547 0
79 73 548 0
79 74 549 0
79 75 550 0
79 76 551 0
79 77 552 0
79 78 553 0
79 79 554 0
79 80 555 0
79 81 556 0
79 82 557 0
79 83 558 0
79 84 559 0
79 85 560 0
80 61 561 0
80 62 562 0
80 63 563 0
80 64 564 0
80 65 565 0
80 66 566 0
80 67 567 0
80 68 568 0
80 69 569 0
80 70 570 0
80 71 571 0
80 72 572 0
80 73 573 0
80 74 574 0
80 75 575 0
80 76 576 0
80 77 577 0
80 78 578 0
80 79 579 0
80 80 580 0
80 81 581 0
80 82 582 0
80 83 583 0
80 84 584 0
80 85 585 0
81 61 586 0
81 62 587 0
81 63 588 0
81 64 589 0
81 65 590 0
81 66 591 0
81 67 592 0
81 68 593 0
81 69 594 0
81 70 595 0
81 71 596 0
81 72 597 0
81 73 598 0
81 74 599 0
81 75 600 0
81 76 601 0
81 77 602 0
81 78 603 0
81 79 604 0
81 80 605 0
81 81 606 0
81 82 607 0
81 83 608 0
81 84 609 0
81 85 610 0
82 61 611 0
82 62 612 0
82 63 613 0
82 64 614 0
82 65 615 0
82 66 616 0
82 67 617 0
82 68 618 0
82 69 619 0
82 70 620 0
82 71 621 0
82 72 622 0
82 73 623 0
82 74 624 0
82 75 625 0
82 76 626 0
82 77 627 0
82 78 628 0
82 79 629 0
82 80 630 0
82 81 631 0
82 82 632 0
82 83 633 0
82 84 634 0
82 85 635 0
83 61 636 0
83 62 637 0
83 63 638 0
83 64 639 0
83 65 640 0
83 66 641 0
83 67 642 0
83 68 643 0
83 69 644 0
83 70 645 0
83 71 646 0
83 72 647 0
83 73 648 0
83 74 649 0
83 75 650 0
83 76 651 0
83 77 652 0
83 78 653 0
83 79 654 0
83 80 655 0
83 81 656 0
83 82 657 0
83 83 658 0
83 84 659 0
83 85 660 0
84 61 661 0
84 62 662 0
84 63 663 0
84 64 664 0
84 65 665 0
84 66 666 0
84 67 667 0
84 68 668 0
84 69 669 0
84 70 670 0
84 71 671 0
84 72 672 0
84 73 673 0
84 74 674 0
84 75 675 0
84 76 676 0
84 77 677 0
84 78 678 0
84 79 679 0
84 80 680 0
84 81 681 0
84 82 682 0
84 83 683 0
84 84 684 0
84 85 685 0
85 61 686 0
85 62 687 0
85 63 688 0
85 64 689 0
85 65 690 0
85 66 691 0
85 67 692 0
85 68 693 0
85 69 694 0
85 70 695 0
85 71 696 0
85 72 697 0
85 73 698 0
85 74 699 0
85 75 700 0
85 76 701 0
85 77 702 0
85 78 703 0
85 79 704 0
85 80 705 0
85 81 706 0
85 82 707 0
85 83 708 0
85 84 709 0
85 85 710 0
-61 61 -86 0
-61 62 -87 0
-61 63 -88 0
-61 64 -89 0
-61 65 -90 0
-61 66 -91 0
-61 67 -92 0
-61 68 -93 0
-61 69 -94 0
-61 70 -95 0
-61 71 -96 0
-61 72 -97 0
-61 73 -98 0
-61 74 -99 0
-61 75 -100 0
-61 76 -101 0
-61 77 -102 0
-61 78 -103 0
-61 79 -104 0
-61 80 -105 0
-61 81 -106 0
-61 82 -107 0
-61 83 -108 0
-61 84 -109 0
-61 85 -110 0
-62 61 -111 0
-62 62 -112 0
-62 63 -113 0
-62 64 -114 0
-62 65 -115 0
-62 66 -116 0
-62 67 -117 0
-62 68 -118 0
-62 69 -119 0
-62 70 -120 0
-62 71 -121 0
-62 72 -122 0
-62 73 -123 0
-62 74 -124 0
-62 75 -125 0
-62 76 -126 0
-62 77 -127 0
-62 78 -128 0
-62 79 -129 0
-62 80 -130 0
-62 81 -131 0
-62 82 -132 0
-62 83 -133 0
-62 84 -134 0
-62 85 -135 0
-63 61 -136 0
-63 62 -137 0
-63 63 -138 0
-63 64 -139 0
-63 65 -140 0
-63 66 -141 0
-63 67 -142 0
-63 68 -143 0
-63 69 -144 0
-63 70 -145 0
-63 71 -146 0
-63 72 -147 0
-63 73 -148 0
-63 74 -149 0
-63 75 -150 0
-63 76 -151 0
-63 77 -152 0
-63 78 -153 0
-63 79 -154 0
-63 80 -155 0
-63 81 -156 0
-63 82 -157 0
-63 83 -158 0
-63 84 -159 0
-63 85 -160 0
-64 61 -161 0
-64 62 -162 0
-64 63 -163 0
-64 64 -164 0
-64 65 -165 0
-64 66 -166 0
-64 67 -167 0
-64 68 -168 0
-64 69 -169 0
-64 70 -170 0
-64 71 -171 0
-64 72 -172 0
-64 73 -173 0
-64 74 -174 0
-64 75 -175 0
-64 76 -176 0
-64 77 -177 0
-64 78 -178 0
-64 79 -179 0
-64 80 -180 0
-64 81 -181 0
-64 82 -182 0
-64 83 -183 0
-64 84 -184 0
-64 85 -185 0
-65 61 -186 0
-65 62 -187 0
-65 63 -188 0
-65 64 -189 0
-65 65 -190 0
-65 66 -191 0
-65 67 -192 0
-65 68 -193 0
-65 69 -194 0
-65 70 -195 0
-65 71 -196 0
-65 72 -197 0
-65 73 -198 0
-65 74 -199 0
-65 75 -200 0
-65 76 -201 0
-65 77 -202 0
-65 78 -203 0
-65 79 -204 0
-65 80 -205 0
-65 81 -206 0
-65 82 -207 0
-65 83 -208 0
-65 84 -209 0
-65 85 -210 0
-66 61 -211 0
-66 62 -212 0
-66 63 -213 0
-66 64 -214 0
-66 65 -215 0
-66 66 -216 0
-66 67 -217 0
-66 68 -218 0
-66 69 -219 0
-66 70 -220 0
-66 71 -221 0
-66 72 -222 0
-66 73 -223 0
-66 74 -224 0
-66 75 -225 0
-66 76 -226 0
-66 77 -227 0
-66 78 -228 0
-66 79 -229 0
-66 80 -230 0
-66 81 -231 0
-66 82 -232 0
-66 83 -233 0
-66 84 -234 0
-66 85 -235 0
-67 61 -236 0
-67 62 -237 0
-67 63 -238 0
-67 64 -239 0
-67 65 -240 0
-67 66 -241 0
-67 67 -242 0
-67 68 -243 0
-67 69 -244 0
-67 70 -245 0
-67 71 -246 0
-67 72 -247 0
-67 73 -248 0
-67 74 -249 0
-67 75 -250 0
-67 76 -251 0
-67 77 -252 0
-67 78 -253 0
-67 79 -254 0
-67 80 -255 0
-67 81 -256 0
-67 82 -257 0
-67 83 -258 0
-67 84 -259 0
-67 85 -260 0
-68 61 -261 0
-68 62 -262 0
-68 63 -263 0
-68 64 -264 0
-68 65 -265 0
-68 66 -266 0
-68 67 -267 0
-68 68 -268 0
-68 69 -269 0
-68 70 -270 0
-68 71 -271 0
-68 72 -272 0
-68 73 -273 0
-68 74 -274 0
-68 75 -275 0
-68 76 -276 0
-68 77 -277 0
-68 78 -278 0
-68 79 -279 0
-68 80 -280 0
-68 81 -281 0
-68 82 -282 0
-68 83 -283 0
-68 84 -284 0
-68 85 -285 0
-69 61 -286 0
-69 62 -287 0
-69 63 -288 0
-69 64 -289 0
-69 65 -290 0
-69 66 -291 0
-69 67 -292 0
-69 68 -293 0
-69 69 -294 0
-69 70 -295 0
-69 71 -296 0
-69 72 -297 0
-69 73 -298 0
-69 74 -299 0
-69 75 -300 0
-69 76 -301 0
-69 77 -302 0
-69 78 -303 0
-69 79 -304 0
-69 80 -305 0
-69 81 -306 0
-69 82 -307 0
-69 83 -308 0
-69 84 -309 0
-69 85 -310 0
-70 61 -311 0
-70 62 -312 0
-70 63 -313 0
-70 64 -314 0
-70 65 -315 0
-70 66 -316 0
-70 67 -317 0
-70 68 -318 0
-70 69 -319 0
-70 70 -320 0
-70 71 -321 0
-70 72 -322 0
-70 73 -323 0
-70 74 -324 0
-70 75 -325 0
-70 76 -326 0
-70 77 -327 0
-70 78 -328 0
-70 79 -329 0
-70 80 -330 0
-70 81 -331 0
-70 82 -332 0
-70 83 -333 0
-70 84 -334 0
-70 85 -335 0
-71 61 -336 0
-71 62 -337 0
-71 63 -338 0
-71 64 -339 0
-71 65 -340 0
-71 66 -341 0
-71 67 -342 0
-71 68 -343 0
-71 69 -344 0
-71 70 -345 0
-71 71 -346 0
-71 72 -347 0
-71 73 -348 0
-71 74 -349 0
-71 75 -350 0
-71 76 -351 0
-71 77 -352 0
-71 78 -353 0
-71 79 -354 0
-71 80 -355 0
-71 81 -356 0
-71 82 -357 0
-71 83 -358 0
-71 84 -359 0
-71 85 -360 0
-72 61 -361 0
-72 62 -362 0
-72 63 -363 0
-72 64 -364 0
-72 65 -365 0
-72 66 -366 0
-72 67 -367 0
-72 68 -368 0
-72 69 -369 0
-72 70 -370 0
-72 71 -371 0
-72 72 -372 0
-72 73 -373 0
-72 74 -374 0
-72 75 -375 0
-72 76 -376 0
-72 77 -377 0
-72 78 -378 0
-72 79 -379 0
-72 80 -380 0
-72 81 -381 0
-72 82 -382 0
-72 83 -383 0
-72 84 -384 0
-72 85 -385 0
-73 61 -386 0
-73 62 -387 0
-73 63 -388 0
-73 64 -389 0
-73 65 -390 0
-73 66 -391 0
-73 67 -392 0
-73 68 -393 0
-73 69 -394 0
-73 70 -395 0
-73 71 -396 0
-73 72 -397 0
-73 73 -398 0
-73 74 -399 0
-73 75 -400 0
-73 76 -401 0
-73 77 -402 0
-73 78 -403 0
-73 79 -404 0
-73 80 -405 0
-73 81 -406 0
-73 82 -407 0
-73 83 -408 0
-73 84 -409 0
-73 85 -410 0
-74 61 -411 0
-74 62 -412 0
-74 63 -413 0
-74 64 -414 0
-74 65 -415 0
-74 66 -416 0
-74 67 -417 0
-74 68 -418 0
-74 69 -419 0
-74 70 -420 0
-74 71 -421 0
-74 72 -422 0
-74 73 -423 0
-74 74 -424 0
-74 75 -425 0
-74 76 -426 0
-74 77 -427 0
-74 78 -428 0
-74 79 -429 0
-74 80 -430 0
-74 81 -431 0
-74 82 -432 0
-74 83 -433 0
-74 84 -434 0
-74 85 -435 0
-75 61 -436 0
-75 62 -437 0
-75 63 -438 0
-75 64 -439 0
-75 65 -440 0
-75 66 -441 0
-75 67 -442 0
-75 68 -443 0
-75 69 -444 0
-75 70 -445 0
-75 71 -446 0
-75 72 -447 0
-75 73 -448 0
-75 74 -449 0
-75 75 -450 0
-75 76 -451 0
-75 77 -452 0
-75 78 -453 0
-75 79 -454 0
-75 80 -455 0
-75 81 -456 0
-75 82 -457 0
-75 83 -458 0
-75 84 -459 0
-75 85 -460 0
-76 61 -461 0
-76 62 -462 0
-76 63 -463 0
-76 64 -464 0
-76 65 -465 0
-76 66 -466 0
-76 67 -467 0
-76 68 -468 0
-76 69 -469 0
-76 70 -470 0
-76 71 -471 0
-76 72 -472 0
-76 73 -473 0
-76 74 -474 0
-76 75 -475 0
-76 76 -476 0
-76 77 -477 0
-76 78 -478 0
-76 79 -479 0
-76 80 -480 0
-76 81 -481 0
-76 82 -482 0
-76 83 -483 0
-76 84 -484 0
-76 85 -485 0
-77 61 -486 0
-77 62 -487 0
-77 63 -488 0
-77 64 -489 0
-77 65 -490 0
-77 66 -491 0
-77 67 -492 0
-77 68 -493 0
-77 69 -494 0
-77 70 -495 0
-77 71 -496 0
-77 72 -497 0
-77 73 -498 0
-77 74 -499 0
-77 75 -500 0
-77 76 -501 0
-77 77 -502 0
-77 78 -503 0
-77 79 -504 0
-77 80 -505 0
-77 81 -506 0
-77 82 -507 0
-77 83 -508 0
-77 84 -509 0
-77 85 -510 0
-78 61 -511 0
-78 62 -512 0
-78 63 -513 0
-78 64 -514 0
-78 65 -515 0
-78 66 -516 0
-78 67 -517 0
-78 68 -518 0
-78 69 -519 0
-78 70 -520 0
-78 71 -521 0
-78 72 -522 0
-78 73 -523 0
-78 74 -524 0
-78 75 -525 0
-78 76 -526 0
-78 77 -527 0
-78 78 -528 0
-78 79 -529 0
-78 80 -530 0
-78 81 -531 0
-78 82 -532 0
-78 83 -533 0
-78 84 -534 0
-78 85 -535 0
-79 61 -536 0
-79 62 -537 0
-79 63 -538 0
-79 64 -539 0
-79 65 -540 0
-79 66 -541 0
-79 67 -542 0
-79 68 -543 0
-79 69 -544 0
-79 70 -545 0
-79 71 -546 0
-79 72 -547 0
-79 73 -548 0
-79 74 -549 0
-79 75 -550 0
-79 76 -551 0
-79 77 -552 0
-79 78 -553 0
-79 79 -554 0
-79 80 -555 0
-79 81 -556 0
-79 82 -557 0
-79 83 -558 0
-79 84 -559 0
-79 85 -560 0
-80 61 -561 0
-80 62 -562 0
-80 63 -563 0
-80 64 -564 0
-80 65 -565 0
-80 66 -566 0
-80 67 -567 0
-80 68 -568 0
-80 69 -569 0
-80 70 -570 0
-80 71 -571 0
-80 72 -572 0
-80 73 -573 0
-80 74 -574 0
-80 75 -575 0
-80 76 -576 0
-80 77 -577 0
-80 78 -578 0
-80 79 -579 0
-80 80 -580 0
-80 81 -581 0
-80 82 -582 0
-80 83 -583 0
-80 84 -584 0
-80 85 -585 0
-81 61 -586 0
-81 62 -587 0
-81 63 -588 0
-81 64 -589 0
-81 65 -590 0
-81 66 -591 0
-81 67 -592 0
-81 68 -593 0
-81 69 -594 0
-81 70 -595 0
-81 71 -596 0
-81 72 -597 0
-81 73 -598 0
-81 74 -599 0
-81 75 -600 0
-81 76 -601 0
-81 77 -602 0
-81 78 -603 0
-81 79 -604 0
-81 80 -605 0
-81 81 -606 0
-81 82 -607 0
-81 83 -608 0
-81 84 -609 0
-81 85 -610 0
-82 61 -611 0
-82 62 -612 0
-82 63 -613 0
-82 64 -614 0
-82 65 -615 0
-82 66 -616 0
-82 67 -617 0
-82 68 -618 0
-82 69 -619 0
-82 70 -620 0
-82 71 -621 0
-82 72 -622 0
-82 73 -623 0
-82 74 -624 0
-82 75 -625 0
-82 76 -626 0
-82 77 -627 0
-82 78 -628 0
-82 79 -629 0
-82 80 -630 0
-82 81 -631 0
-82 82 -632 0
-82 83 -633 0
-82 84 -634 0
-82 85 -635 0
-83 61 -636 0
-83 62 -637 0
-83 63 -638 0
-83 64 -639 0
-83 65 -640 0
-83 66 -641 0
-83 67 -642 0
-83 68 -643 0
-83 69 -644 0
-83 70 -645 0
-83 71 -646 0
-83 72 -647 0
-83 73 -648 0
-83 74 -649 0
-83 75 -650 0
-83 76 -651 0
-83 77 -652 0
-83 78 -653 0
-83 79 -654 0
-83 80 -655 0
-83 81 -656 0
-83 82 -657 0
-83 83 -658 0
-83 84 -659 0
-83 85 -660 0
-84 61 -661 0
-84 62 -662 0
-84 63 -663 0
-84 64 -664 0
-84 65 -665 0
-84 66 -666 0
-84 67 -667 0
-84 68 -668 0
-84 69 -669 0
-84 70 -670 0
-84 71 -671 0
-84 72 -672 0
-84 73 -673 0
-84 74 -674 0
-84 75 -675 0
-84 76 -676 0
-84 77 -677 0
-84 78 -678 0
-84 79 -679 0
-84 80 -680 0
-84 81 -681 0
-84 82 -682 0
-84 83 -683 0
-84 84 -684 0
-84 85 -685 0
-85 61 -686 0
-85 62 -687 0
-85 63 -688 0
-85 64 -689 0
-85 65 -690 0
-85 66 -691 0
-85 67 -692 0
-85 68 -693 0
-85 69 -694 0
-85 70 -695 0
-85 71 -696 0
-85 72 -697 0
-85 73 -698 0
-85 74 -699 0
-85 75 -700 0
-85 76 -701 0
-85 77 -702 0
-85 78 -703 0
-85 79 -704 0
-85 80 -705 0
-85 81 -706 0
-85 82 -707 0
-85 83 -708 0
-85 84 -709 0
-85 85 -710 0
